% alpha	A	theta	D	sigma	m	rx	ry	rz	Ixx	Iyy	Izz	Ixy	Iyz	Ixz	Jm	G	B	Tc+	Tc-
p560 = [
pi/2	0	0	0	0	0	0	0	0	0	0.35	0	0	0	0	200e-6	-62.6111	1.48e-3	.395	-.435
0	.4318	0	0	0	17.4	-.3638	.006	.0774	.13	.524	.539	0	0	0	200e-6	107.815	.817e-3	.126	-.071
-pi/2	.0203	0	.1254	0	4.8	0	-.014	.070	.066	.086	.0125	0	0	0	200e-6	-53.7063	1.38e-3	.132	-.105
pi/2	0	0	.4318	0	0.82	0	.019	0	1.8e-3	1.3e-3	1.8e-3	0	0	0	33e-6	76.0364	71.2e-6	11.2e-3	-16.9e-3
-pi/2	0	0	0	0	0.34	0	0	0	.3e-3	.4e-3	.3e-3	0	0	0	33e-6	71.923	82.6e-6	9.26e-3	-14.5e-3
0	0	0	0	0	.09	0	0	.032	.15e-3	.15e-3	.04e-3	0	0	0	33e-6	76.686	36.7e-6	3.96e-3	-10.5e-3
]

%
% some useful poses
%
qz = [0 0 0 0 0 0];	% zero angles, L shaped pose
qr = [0 pi/2 -pi/2 0 0 0];	% ready pose, arm up
qstretch = [0 0 -pi/2 0 0 0];